2.95000517545
2.71711003002
2.2409688438
1.89938929717
1.82175758203
1.64579236104
1.48535348308
1.1748266225
1.05061587827
1.05061587827
0.97298416313
0.947106924749
0.879826104958
0.879826104958
0.848773418901
0.776317151434
0.771141703757
0.709036331643
0.69868543629
0.683159093262
0.646930959528
0.621053721147
0.605527378118
0.59000103509
0.584825587413
0.579650139737
0.533071110651
0.517544767622
0.496842976918
0.46579029086
0.460614843184
0.455439395508
0.450263947831
0.439913052479
0.429562157127
0.42438670945
0.414035814098
0.398509471069
0.398509471069
0.393334023393
0.388158575717
0.388158575717
0.382983128041
0.377807680364
0.377807680364
0.362281337336
0.357105889659
0.346754994307
0.336404098955
0.326053203602
0.326053203602
0.31570230825
0.31570230825
0.300175965221
0.300175965221
0.300175965221
0.289825069869
0.269123279164
0.258772383811
0.258772383811
0.258772383811
0.258772383811
0.253596936135
0.253596936135
0.253596936135
0.253596936135
0.248421488459
0.248421488459
0.227719697754
0.227719697754
0.222544250078
0.222544250078
0.222544250078
0.217368802401
0.217368802401
0.212193354725
0.212193354725
0.212193354725
0.212193354725
0.201842459373
0.201842459373
0.201842459373
0.196667011697
0.19149156402
0.19149156402
0.19149156402
0.186316116344
0.186316116344
0.181140668668
0.181140668668
0.181140668668
0.175965220992
0.175965220992
0.170789773315
0.170789773315
0.165614325639
0.160438877963
0.160438877963
0.155263430287
0.15008798261
0.15008798261
0.15008798261
0.15008798261
0.144912534934
0.144912534934
0.139737087258
0.139737087258
0.139737087258
0.139737087258
0.134561639582
0.134561639582
0.134561639582
0.129386191906
0.129386191906
0.119035296553
0.113859848877
0.113859848877
0.113859848877
0.113859848877
0.108684401201
0.108684401201
0.108684401201
0.108684401201
0.103508953524
0.103508953524
0.103508953524
0.103508953524
0.103508953524
0.103508953524
0.0983335058483
0.0983335058483
0.0983335058483
0.0983335058483
0.0983335058483
0.0983335058483
0.0983335058483
0.0983335058483
0.0983335058483
0.093158058172
0.093158058172
0.093158058172
0.093158058172
0.093158058172
0.093158058172
0.093158058172
0.093158058172
0.093158058172
0.093158058172
0.093158058172
0.093158058172
0.093158058172
0.093158058172
0.0879826104958
0.0879826104958
0.0879826104958
0.0879826104958
0.0879826104958
0.0879826104958
0.0828071628196
0.0828071628196
0.0828071628196
0.0828071628196
0.0828071628196
0.0828071628196
0.0828071628196
0.0828071628196
0.0828071628196
0.0776317151434
0.0776317151434
0.0776317151434
0.0776317151434
0.0776317151434
0.0776317151434
0.0776317151434
0.0776317151434
0.0776317151434
0.0724562674671
0.0724562674671
0.0724562674671
0.0724562674671
0.0724562674671
0.0724562674671
0.0724562674671
0.0724562674671
0.0724562674671
0.0724562674671
0.0724562674671
0.0672808197909
0.0672808197909
0.0672808197909
0.0672808197909
0.0672808197909
0.0672808197909
0.0672808197909
0.0672808197909
0.0672808197909
0.0672808197909
0.0672808197909
0.0672808197909
0.0672808197909
0.0672808197909
0.0672808197909
0.0672808197909
0.0672808197909
0.0672808197909
0.0621053721147
0.0621053721147
0.0621053721147
0.0621053721147
0.0621053721147
0.0621053721147
0.0621053721147
0.0621053721147
0.0621053721147
0.0621053721147
0.0621053721147
0.0621053721147
0.0621053721147
0.0621053721147
0.0621053721147
0.0621053721147
0.0621053721147
0.0621053721147
0.0569299244385
0.0569299244385
0.0569299244385
0.0569299244385
0.0569299244385
0.0569299244385
0.0569299244385
0.0569299244385
0.0569299244385
0.0569299244385
0.0569299244385
0.0569299244385
0.0569299244385
0.0569299244385
0.0569299244385
0.0569299244385
0.0569299244385
0.0569299244385
0.0569299244385
0.0569299244385
0.0517544767622
0.0517544767622
0.0517544767622
0.0517544767622
0.0517544767622
0.0517544767622
0.0517544767622
0.0517544767622
0.0517544767622
0.0517544767622
0.0517544767622
0.0517544767622
0.0517544767622
0.0517544767622
0.0517544767622
0.0517544767622
0.0517544767622
0.0517544767622
0.0517544767622
0.0517544767622
0.0517544767622
0.0517544767622
0.0517544767622
0.0517544767622
0.0517544767622
0.0517544767622
0.046579029086
0.046579029086
0.046579029086
0.046579029086
0.046579029086
0.046579029086
0.046579029086
0.046579029086
0.046579029086
0.046579029086
0.046579029086
0.046579029086
0.046579029086
0.046579029086
0.046579029086
0.046579029086
0.046579029086
0.046579029086
0.046579029086
0.046579029086
0.046579029086
0.046579029086
0.046579029086
0.046579029086
0.046579029086
0.046579029086
0.046579029086
0.046579029086
0.046579029086
0.046579029086
0.046579029086
0.046579029086
0.0414035814098
0.0414035814098
0.0414035814098
0.0414035814098
0.0414035814098
0.0414035814098
0.0414035814098
0.0414035814098
0.0414035814098
0.0414035814098
0.0414035814098
0.0414035814098
0.0414035814098
0.0414035814098
0.0414035814098
0.0414035814098
0.0414035814098
0.0414035814098
0.0414035814098
0.0414035814098
0.0414035814098
0.0414035814098
0.0414035814098
0.0414035814098
0.0414035814098
0.0414035814098
0.0414035814098
0.0414035814098
0.0414035814098
0.0414035814098
0.0414035814098
0.0414035814098
0.0414035814098
0.0414035814098
0.0414035814098
0.0414035814098
0.0362281337336
0.0362281337336
0.0362281337336
0.0362281337336
0.0362281337336
0.0362281337336
0.0362281337336
0.0362281337336
0.0362281337336
0.0362281337336
0.0362281337336
0.0362281337336
0.0362281337336
0.0362281337336
0.0362281337336
0.0362281337336
0.0362281337336
0.0362281337336
0.0362281337336
0.0362281337336
0.0362281337336
0.0362281337336
0.0362281337336
0.0362281337336
0.0362281337336
0.0362281337336
0.0362281337336
0.0362281337336
0.0362281337336
0.0362281337336
0.0362281337336
0.0362281337336
0.0362281337336
0.0362281337336
0.0362281337336
0.0362281337336
0.0362281337336
0.0362281337336
0.0362281337336
0.0362281337336
0.0362281337336
0.0362281337336
0.0362281337336
0.0362281337336
0.0362281337336
0.0362281337336
0.0362281337336
0.0310526860573
0.0310526860573
0.0310526860573
0.0310526860573
0.0310526860573
0.0310526860573
0.0310526860573
0.0310526860573
0.0310526860573
0.0310526860573
0.0310526860573
0.0310526860573
0.0310526860573
0.0310526860573
0.0310526860573
0.0310526860573
0.0310526860573
0.0310526860573
0.0310526860573
0.0310526860573
0.0310526860573
0.0310526860573
0.0310526860573
0.0310526860573
0.0310526860573
0.0310526860573
0.0310526860573
0.0310526860573
0.0310526860573
0.0310526860573
0.0310526860573
0.0310526860573
0.0310526860573
0.0310526860573
0.0310526860573
0.0310526860573
0.0310526860573
0.0310526860573
0.0310526860573
0.0310526860573
0.0310526860573
0.0310526860573
0.0310526860573
0.0310526860573
0.0310526860573
0.0310526860573
0.0310526860573
0.0310526860573
0.0310526860573
0.0310526860573
0.0310526860573
0.0310526860573
0.0310526860573
0.0310526860573
0.0310526860573
0.0310526860573
0.0310526860573
0.0310526860573
0.0310526860573
0.0310526860573
0.0310526860573
0.0310526860573
0.0310526860573
0.0310526860573
0.0310526860573
0.0310526860573
0.0258772383811
0.0258772383811
0.0258772383811
0.0258772383811
0.0258772383811
0.0258772383811
0.0258772383811
0.0258772383811
0.0258772383811
0.0258772383811
0.0258772383811
0.0258772383811
0.0258772383811
0.0258772383811
0.0258772383811
0.0258772383811
0.0258772383811
0.0258772383811
0.0258772383811
0.0258772383811
0.0258772383811
0.0258772383811
0.0258772383811
0.0258772383811
0.0258772383811
0.0258772383811
0.0258772383811
0.0258772383811
0.0258772383811
0.0258772383811
0.0258772383811
0.0258772383811
0.0258772383811
0.0258772383811
0.0258772383811
0.0258772383811
0.0258772383811
0.0258772383811
0.0258772383811
0.0258772383811
0.0258772383811
0.0258772383811
0.0258772383811
0.0258772383811
0.0258772383811
0.0258772383811
0.0258772383811
0.0258772383811
0.0258772383811
0.0258772383811
