6.83139046595
3.70040649041
3.12678469446
2.50865051903
2.18446601942
2.04504988746
1.64527832835
1.40339973796
1.33201195955
1.19763496489
1.0918130816
0.971713642624
0.912083851245
0.77686700037
0.760069876037
0.754190882521
0.731514764672
0.706319078174
0.623173312729
0.601337051097
0.590418920281
0.552625390533
0.540027547284
0.513152148352
0.498034736453
0.442604226156
0.44176436994
0.43672523264
0.430006382907
0.406490408842
0.388013572076
0.372896160177
0.353579467195
0.345180905029
0.335942486646
0.314106225014
0.294789532032
0.293949675816
0.288910538516
0.288910538516
0.283871401216
0.28051197635
0.279672120133
0.2729532704
0.240198877952
0.231800315786
0.231800315786
0.224241609836
0.221722041187
0.21836261632
0.217522760103
0.205764773071
0.204924916854
0.189807504955
0.189807504955
0.188127792522
0.180569086572
0.178049517923
0.176369805489
0.176369805489
0.17133066819
0.167131387107
0.16629153089
0.162932106023
0.160412537374
0.156213256291
0.154533543857
0.154533543857
0.153693687641
0.152853831424
0.150334262774
0.147814694124
0.146134981691
0.145295125475
0.143615413041
0.142775556825
0.142775556825
0.140255988175
0.140255988175
0.133537138442
0.131857426009
0.130177713575
0.128498001142
0.125138576276
0.125138576276
0.125138576276
0.122619007626
0.122619007626
0.121779151409
0.120939295193
0.119259582759
0.115060301676
0.11422044546
0.112540733027
0.110861020593
0.110021164377
0.107501595727
0.107501595727
0.107501595727
0.10666173951
0.105821883294
0.10414217086
0.10414217086
0.102462458427
0.102462458427
0.100782745994
0.100782745994
0.100782745994
0.0999428897773
0.0999428897773
0.0999428897773
0.0965834649108
0.0965834649108
0.0949037524776
0.094063896261
0.0932240400443
0.0923841838277
0.0923841838277
0.0915443276111
0.0907044713945
0.0898646151779
0.0898646151779
0.0890247589613
0.0890247589613
0.0890247589613
0.0881849027447
0.087345046528
0.0856653340948
0.0856653340948
0.0856653340948
0.0856653340948
0.0848254778782
0.0848254778782
0.083145765445
0.0823059092283
0.0823059092283
0.0797863405785
0.0789464843619
0.0772667719286
0.0772667719286
0.0772667719286
0.0772667719286
0.0772667719286
0.076426915712
0.0755870594954
0.0755870594954
0.0747472032788
0.0739073470622
0.0739073470622
0.0739073470622
0.0730674908456
0.0730674908456
0.0713877784123
0.0713877784123
0.0713877784123
0.0713877784123
0.0705479221957
0.0705479221957
0.0697080659791
0.0697080659791
0.0697080659791
0.0688682097625
0.0688682097625
0.0688682097625
0.0688682097625
0.0680283535459
0.0663486411126
0.0663486411126
0.0663486411126
0.065508784896
0.065508784896
0.0646689286794
0.0646689286794
0.0638290724628
0.0629892162462
0.0629892162462
0.0629892162462
0.0621493600296
0.0613095038129
0.0613095038129
0.0613095038129
0.0613095038129
0.0596297913797
0.0596297913797
0.0596297913797
0.0587899351631
0.0587899351631
0.0579500789465
0.0579500789465
0.0571102227299
0.0571102227299
0.0562703665133
0.0562703665133
0.0562703665133
0.0562703665133
0.0562703665133
0.0554305102966
0.05459065408
0.05459065408
0.05459065408
0.05459065408
0.05459065408
0.05459065408
0.0537507978634
0.0537507978634
0.0529109416468
0.0529109416468
0.0529109416468
0.0529109416468
0.0529109416468
0.0512312292136
0.0512312292136
0.0512312292136
0.0503913729969
0.0503913729969
0.0503913729969
0.0503913729969
0.0495515167803
0.0495515167803
0.0495515167803
0.0495515167803
0.0495515167803
0.0487116605637
0.0487116605637
0.0487116605637
0.0487116605637
0.0487116605637
0.0478718043471
0.0478718043471
0.0478718043471
0.0478718043471
0.0470319481305
0.0470319481305
0.0470319481305
0.0470319481305
0.0470319481305
0.0470319481305
0.0470319481305
0.0461920919139
0.0461920919139
0.0461920919139
0.0461920919139
0.0461920919139
0.0461920919139
0.0461920919139
0.0453522356972
0.0453522356972
0.0453522356972
0.0445123794806
0.043672523264
0.0428326670474
0.0428326670474
0.0428326670474
0.0428326670474
0.0428326670474
0.0419928108308
0.0419928108308
0.0419928108308
0.0419928108308
0.0411529546142
0.0411529546142
0.0411529546142
0.0411529546142
0.0411529546142
0.0403130983976
0.0403130983976
0.0403130983976
0.0403130983976
0.0403130983976
0.0403130983976
0.0403130983976
0.0394732421809
0.0394732421809
0.0394732421809
0.0386333859643
0.0386333859643
0.0386333859643
0.0386333859643
0.0386333859643
0.0386333859643
0.0386333859643
0.0377935297477
0.0377935297477
0.0377935297477
0.0377935297477
0.0369536735311
0.0369536735311
0.0369536735311
0.0361138173145
0.0361138173145
0.0361138173145
0.0361138173145
0.0361138173145
0.0361138173145
0.0352739610979
0.0352739610979
0.0352739610979
0.0352739610979
0.0352739610979
0.0352739610979
0.0352739610979
0.0352739610979
0.0344341048812
0.0344341048812
0.0344341048812
0.0344341048812
0.0344341048812
0.0344341048812
0.0344341048812
0.0344341048812
0.0344341048812
0.0344341048812
0.0335942486646
0.0335942486646
0.0335942486646
0.032754392448
0.032754392448
0.032754392448
0.032754392448
0.032754392448
0.032754392448
0.032754392448
0.032754392448
0.032754392448
0.032754392448
0.032754392448
0.0319145362314
0.0319145362314
0.0319145362314
0.0319145362314
0.0319145362314
0.0319145362314
0.0319145362314
0.0319145362314
0.0319145362314
0.0319145362314
0.0319145362314
0.0319145362314
0.0319145362314
0.0319145362314
0.0319145362314
0.0319145362314
0.0310746800148
0.0310746800148
0.0302348237982
0.0302348237982
0.0302348237982
0.0302348237982
0.0302348237982
0.0302348237982
0.0302348237982
0.0302348237982
0.0302348237982
0.0302348237982
0.0302348237982
0.0302348237982
0.0293949675816
0.0293949675816
0.0293949675816
0.0293949675816
0.0293949675816
0.0293949675816
0.0293949675816
0.0293949675816
0.0285551113649
0.0285551113649
0.0285551113649
0.0285551113649
0.0285551113649
0.0285551113649
0.0285551113649
0.0285551113649
0.0285551113649
0.0285551113649
0.0277152551483
0.0277152551483
0.0277152551483
0.0277152551483
0.0277152551483
0.0277152551483
0.0277152551483
0.0277152551483
0.0277152551483
0.0277152551483
0.0277152551483
0.0277152551483
0.0277152551483
0.0268753989317
0.0268753989317
0.0268753989317
0.0268753989317
0.0268753989317
0.0268753989317
0.0268753989317
0.0268753989317
0.0268753989317
0.0268753989317
0.0268753989317
0.0268753989317
0.0268753989317
0.0268753989317
0.0260355427151
0.0260355427151
0.0260355427151
0.0260355427151
0.0260355427151
0.0260355427151
0.0260355427151
0.0260355427151
0.0260355427151
0.0260355427151
0.0260355427151
0.0260355427151
0.0260355427151
0.0260355427151
0.0260355427151
0.0260355427151
0.0260355427151
0.0260355427151
0.0251956864985
0.0251956864985
0.0251956864985
0.0251956864985
0.0251956864985
0.0251956864985
0.0251956864985
0.0251956864985
0.0251956864985
0.0251956864985
0.0251956864985
0.0251956864985
0.0243558302819
0.0243558302819
0.0243558302819
0.0243558302819
0.0243558302819
0.0243558302819
0.0243558302819
0.0243558302819
0.0243558302819
0.0243558302819
0.0235159740652
0.0235159740652
0.0235159740652
0.0235159740652
0.0235159740652
0.0235159740652
0.0235159740652
0.0235159740652
0.0226761178486
0.0226761178486
0.0226761178486
0.0226761178486
0.0226761178486
0.0226761178486
0.0226761178486
0.0226761178486
0.0226761178486
0.0226761178486
0.0226761178486
0.0226761178486
0.0226761178486
0.021836261632
0.021836261632
0.021836261632
0.021836261632
0.021836261632
0.021836261632
0.021836261632
0.021836261632
0.021836261632
0.021836261632
0.021836261632
0.021836261632
0.021836261632
0.021836261632
0.021836261632
0.021836261632
0.021836261632
0.021836261632
0.021836261632
0.021836261632
0.021836261632
0.0209964054154
0.0209964054154
0.0209964054154
0.0209964054154
0.0209964054154
0.0209964054154
0.0209964054154
0.0209964054154
0.0209964054154
0.0209964054154
0.0209964054154
0.0209964054154
0.0209964054154
0.0209964054154
0.0209964054154
0.0209964054154
0.0209964054154
