4.1030200167
2.5225176684
2.23964366856
1.50776331977
1.48351697693
1.43322826585
1.33893693257
1.26709591674
1.25093168817
1.05965498352
1.04169472956
1.04079671687
1.0273265264
0.942913332795
0.849520012213
0.80821142811
0.781271047173
0.768698869402
0.690571764685
0.616036710759
0.612444659967
0.563951974281
0.554073834604
0.55137979651
0.548685758417
0.543297682229
0.52174537748
0.514561275896
0.480436793376
0.441822247367
0.436434171179
0.426556031502
0.405901739451
0.331366685525
0.32059053315
0.297242203005
0.294548164911
0.289160088724
0.288262076026
0.284670025234
0.279281949047
0.278383936349
0.245157466527
0.241565415735
0.237973364943
0.237075352245
0.236177339548
0.236177339548
0.236177339548
0.23078926336
0.220013110985
0.216421060194
0.215523047496
0.2137270221
0.2137270221
0.210134971308
0.209236958611
0.206542920517
0.206542920517
0.202950869725
0.202052857027
0.198460806236
0.195766768142
0.191276704653
0.185888628465
0.17960253958
0.176908501486
0.167030361809
0.167030361809
0.165234336414
0.161642285622
0.160744272924
0.157152222132
0.156254209435
0.151764145945
0.150866133247
0.14098799357
0.139191968174
0.138293955477
0.137395942779
0.134701904685
0.131109853893
0.127517803102
0.124823765008
0.12392575231
0.121231714216
0.120333701519
0.119435688821
0.118537676123
0.118537676123
0.117639663425
0.117639663425
0.116741650727
0.114945625331
0.113149599935
0.113149599935
0.112251587237
0.109557549144
0.108659536446
0.108659536446
0.10686351105
0.105965498352
0.104169472956
0.102373447561
0.100577422165
0.100577422165
0.100577422165
0.100577422165
0.0996794094668
0.0996794094668
0.098781396769
0.098781396769
0.098781396769
0.0960873586753
0.0951893459774
0.0942913332795
0.0942913332795
0.0933933205816
0.0933933205816
0.0915972951858
0.0915972951858
0.0906992824879
0.08980126979
0.08980126979
0.0889032570921
0.0889032570921
0.0889032570921
0.0889032570921
0.0853112063005
0.0853112063005
0.0844131936026
0.0844131936026
0.0817191555089
0.080821142811
0.080821142811
0.080821142811
0.0799231301131
0.0790251174152
0.0781271047173
0.0781271047173
0.0772290920194
0.0745350539257
0.0745350539257
0.0736370412278
0.0727390285299
0.0727390285299
0.0727390285299
0.071841015832
0.0709430031341
0.0709430031341
0.0700449904362
0.0691469777383
0.0691469777383
0.0682489650404
0.0682489650404
0.0673509523425
0.0673509523425
0.0664529396446
0.0655549269467
0.0655549269467
0.062860888853
0.0619628761551
0.0619628761551
0.0610648634572
0.0601668507593
0.0592688380614
0.0592688380614
0.0592688380614
0.0565747999677
0.0565747999677
0.0556767872698
0.0556767872698
0.0547787745719
0.0547787745719
0.0547787745719
0.0547787745719
0.0547787745719
0.053880761874
0.053880761874
0.0529827491761
0.0529827491761
0.0529827491761
0.0520847364782
0.0520847364782
0.0520847364782
0.0511867237803
0.0511867237803
0.0511867237803
0.0511867237803
0.0511867237803
0.0502887110824
0.0502887110824
0.0502887110824
0.0493906983845
0.0493906983845
0.0493906983845
0.0493906983845
0.0493906983845
0.0484926856866
0.0484926856866
0.0475946729887
0.0475946729887
0.0475946729887
0.0475946729887
0.0475946729887
0.0475946729887
0.0475946729887
0.0466966602908
0.0466966602908
0.0466966602908
0.0466966602908
0.0466966602908
0.0466966602908
0.0466966602908
0.0457986475929
0.0457986475929
0.0457986475929
0.0457986475929
0.0457986475929
0.0457986475929
0.044900634895
0.044900634895
0.0440026221971
0.0440026221971
0.0440026221971
0.0440026221971
0.0431046094992
0.0431046094992
0.0431046094992
0.0431046094992
0.0431046094992
0.0431046094992
0.0422065968013
0.0422065968013
0.0422065968013
0.0422065968013
0.0422065968013
0.0422065968013
0.0422065968013
0.0422065968013
0.0422065968013
0.0413085841034
0.0413085841034
0.0404105714055
0.0404105714055
0.0404105714055
0.0395125587076
0.0395125587076
0.0395125587076
0.0395125587076
0.0395125587076
0.0395125587076
0.0395125587076
0.0395125587076
0.0395125587076
0.0395125587076
0.0386145460097
0.0386145460097
0.0386145460097
0.0386145460097
0.0386145460097
0.0386145460097
0.0386145460097
0.0377165333118
0.0377165333118
0.0377165333118
0.0377165333118
0.0377165333118
0.0368185206139
0.0368185206139
0.0368185206139
0.0368185206139
0.035920507916
0.035920507916
0.035920507916
0.035920507916
0.035920507916
0.0350224952181
0.0350224952181
0.0350224952181
0.0350224952181
0.0350224952181
0.0350224952181
0.0350224952181
0.0350224952181
0.0350224952181
0.0350224952181
0.0341244825202
0.0341244825202
0.0341244825202
0.0341244825202
0.0341244825202
0.0332264698223
0.0332264698223
0.0332264698223
0.0332264698223
0.0332264698223
0.0332264698223
0.0332264698223
0.0332264698223
0.0323284571244
0.0323284571244
0.0323284571244
0.0323284571244
0.0323284571244
0.0323284571244
0.0323284571244
0.0323284571244
0.0314304444265
0.0314304444265
0.0314304444265
0.0314304444265
0.0314304444265
0.0314304444265
0.0314304444265
0.0314304444265
0.0314304444265
0.0314304444265
0.0305324317286
0.0305324317286
0.0305324317286
0.0305324317286
0.0305324317286
0.0305324317286
0.0305324317286
0.0305324317286
0.0296344190307
0.0296344190307
0.0296344190307
0.0296344190307
0.0287364063328
0.0287364063328
0.0287364063328
0.0287364063328
0.0287364063328
0.0287364063328
0.0287364063328
0.0287364063328
0.0287364063328
0.0287364063328
0.0287364063328
0.0278383936349
0.0278383936349
0.0278383936349
0.0278383936349
0.0278383936349
0.0278383936349
0.0278383936349
0.0278383936349
0.026940380937
0.026940380937
0.026940380937
0.026940380937
0.026940380937
0.026940380937
0.026940380937
0.026940380937
0.026940380937
0.026940380937
0.026940380937
0.0260423682391
0.0260423682391
0.0260423682391
0.0260423682391
0.0260423682391
0.0260423682391
0.0260423682391
0.0260423682391
0.0260423682391
0.0260423682391
0.0260423682391
0.0260423682391
0.0260423682391
0.0260423682391
0.0260423682391
0.0260423682391
0.0251443555412
0.0251443555412
0.0251443555412
0.0251443555412
0.0251443555412
0.0251443555412
0.0251443555412
0.0251443555412
0.0251443555412
0.0251443555412
0.0251443555412
0.0251443555412
0.0251443555412
0.0251443555412
0.0251443555412
0.0251443555412
0.0251443555412
0.0242463428433
0.0242463428433
0.0242463428433
0.0242463428433
0.0242463428433
0.0242463428433
0.0242463428433
0.0242463428433
0.0242463428433
0.0242463428433
0.0242463428433
0.0242463428433
0.0242463428433
0.0233483301454
0.0233483301454
0.0233483301454
0.0233483301454
0.0233483301454
0.0233483301454
0.0233483301454
0.0233483301454
0.0233483301454
0.0233483301454
0.0233483301454
0.0233483301454
0.0233483301454
0.0233483301454
0.0233483301454
0.0233483301454
0.0233483301454
0.0224503174475
0.0224503174475
0.0224503174475
0.0224503174475
0.0224503174475
0.0224503174475
0.0224503174475
0.0224503174475
0.0224503174475
0.0224503174475
0.0224503174475
0.0224503174475
0.0224503174475
0.0224503174475
0.0224503174475
0.0224503174475
0.0224503174475
0.0224503174475
0.0224503174475
0.0224503174475
0.0224503174475
0.0215523047496
0.0215523047496
0.0215523047496
0.0215523047496
0.0215523047496
0.0215523047496
0.0215523047496
0.0215523047496
0.0215523047496
0.0215523047496
0.0215523047496
0.0215523047496
0.0215523047496
0.0215523047496
0.0215523047496
0.0215523047496
0.0215523047496
0.0215523047496
0.0215523047496
0.0215523047496
0.0215523047496
0.0215523047496
0.0215523047496
0.0215523047496
0.0215523047496
0.0215523047496
0.0206542920517
0.0206542920517
0.0206542920517
0.0206542920517
0.0206542920517
0.0206542920517
0.0206542920517
0.0206542920517
0.0206542920517
0.0206542920517
0.0206542920517
0.0206542920517
0.0206542920517
0.0206542920517
0.0206542920517
0.0206542920517
0.0206542920517
0.0206542920517
0.0206542920517
0.0206542920517
0.0206542920517
0.0197562793538
0.0197562793538
0.0197562793538
0.0197562793538
0.0197562793538
0.0197562793538
0.0197562793538
0.0197562793538
0.0197562793538
