2.51067150135
2.44641299858
1.52843438748
1.26681048332
1.19796208748
1.13829347776
1.00518657915
0.963877541653
0.945517969431
0.88584935971
0.862899894432
0.862899894432
0.853720108321
0.84454032221
0.817000963878
0.674714279157
0.656354706935
0.647174920824
0.637995134713
0.633405241658
0.624225455547
0.573736631936
0.564556845825
0.541607380548
0.495708449993
0.472758984716
0.472758984716
0.463579198605
0.463579198605
0.449809519438
0.436039840272
0.426860054161
0.426860054161
0.426860054161
0.394730802772
0.362601551384
0.353421765273
0.335062193051
0.32588240694
0.321292513884
0.321292513884
0.307522834718
0.307522834718
0.307522834718
0.302932941662
0.293753155551
0.293753155551
0.293753155551
0.293753155551
0.289163262496
0.289163262496
0.289163262496
0.28457336944
0.28457336944
0.270803690274
0.270803690274
0.266213797219
0.252444118052
0.252444118052
0.252444118052
0.247854224997
0.243264331941
0.238674438886
0.229494652775
0.229494652775
0.229494652775
0.224904759719
0.224904759719
0.211135080553
0.211135080553
0.206545187497
0.206545187497
0.201955294442
0.201955294442
0.197365401386
0.197365401386
0.197365401386
0.197365401386
0.197365401386
0.197365401386
0.197365401386
0.192775508331
0.188185615275
0.188185615275
0.18359572222
0.18359572222
0.179005829164
0.174415936109
0.169826043053
0.169826043053
0.169826043053
0.165236149998
0.165236149998
0.160646256942
0.160646256942
0.156056363887
0.156056363887
0.156056363887
0.151466470831
0.151466470831
0.151466470831
0.151466470831
0.146876577776
0.14228668472
0.14228668472
0.14228668472
0.137696791665
0.137696791665
0.133106898609
0.133106898609
0.133106898609
0.133106898609
0.128517005554
0.128517005554
0.128517005554
0.123927112498
0.123927112498
0.123927112498
0.119337219443
0.119337219443
0.119337219443
0.119337219443
0.119337219443
0.119337219443
0.114747326387
0.114747326387
0.114747326387
0.114747326387
0.110157433332
0.110157433332
0.110157433332
0.110157433332
0.110157433332
0.105567540276
0.105567540276
0.105567540276
0.100977647221
0.100977647221
0.100977647221
0.100977647221
0.100977647221
0.0963877541653
0.0963877541653
0.0963877541653
0.0963877541653
0.0963877541653
0.0963877541653
0.0963877541653
0.0963877541653
0.0963877541653
0.0917978611098
0.0917978611098
0.0917978611098
0.0917978611098
0.0917978611098
0.0917978611098
0.0917978611098
0.0872079680543
0.0872079680543
0.0872079680543
0.0872079680543
0.0872079680543
0.0872079680543
0.0872079680543
0.0872079680543
0.0872079680543
0.0872079680543
0.0872079680543
0.0826180749989
0.0826180749989
0.0826180749989
0.0826180749989
0.0780281819434
0.0780281819434
0.0780281819434
0.0780281819434
0.0780281819434
0.0780281819434
0.0780281819434
0.0780281819434
0.0734382888879
0.0734382888879
0.0734382888879
0.0734382888879
0.0734382888879
0.0734382888879
0.0734382888879
0.0688483958324
0.0688483958324
0.0688483958324
0.0688483958324
0.0688483958324
0.0688483958324
0.0688483958324
0.0688483958324
0.0688483958324
0.0688483958324
0.0642585027769
0.0642585027769
0.0642585027769
0.0642585027769
0.0642585027769
0.0642585027769
0.0642585027769
0.0642585027769
0.0642585027769
0.0642585027769
0.0642585027769
0.0642585027769
0.0642585027769
0.0596686097214
0.0596686097214
0.0596686097214
0.0596686097214
0.0596686097214
0.0596686097214
0.0596686097214
0.0596686097214
0.0596686097214
0.0596686097214
0.0596686097214
0.0596686097214
0.0596686097214
0.0596686097214
0.0596686097214
0.0596686097214
0.0596686097214
0.0596686097214
0.0550787166659
0.0550787166659
0.0550787166659
0.0550787166659
0.0550787166659
0.0550787166659
0.0550787166659
0.0550787166659
0.0550787166659
0.0550787166659
0.0550787166659
0.0550787166659
0.0550787166659
0.0504888236104
0.0504888236104
0.0504888236104
0.0504888236104
0.0504888236104
0.0504888236104
0.0504888236104
0.0504888236104
0.0504888236104
0.0504888236104
0.0504888236104
0.0504888236104
0.0504888236104
0.0504888236104
0.0504888236104
0.0504888236104
0.0504888236104
0.0504888236104
0.0504888236104
0.0504888236104
0.0504888236104
0.0504888236104
0.0458989305549
0.0458989305549
0.0458989305549
0.0458989305549
0.0458989305549
0.0458989305549
0.0458989305549
0.0458989305549
0.0458989305549
0.0458989305549
0.0458989305549
0.0458989305549
0.0458989305549
0.0458989305549
0.0458989305549
0.0458989305549
0.0458989305549
0.0458989305549
0.0458989305549
0.0458989305549
0.0458989305549
0.0458989305549
0.0458989305549
0.0458989305549
0.0458989305549
0.0458989305549
0.0413090374994
0.0413090374994
0.0413090374994
0.0413090374994
0.0413090374994
0.0413090374994
0.0413090374994
0.0413090374994
0.0413090374994
0.0413090374994
0.0413090374994
0.0413090374994
0.0413090374994
0.0413090374994
0.0413090374994
0.0413090374994
0.0413090374994
0.0413090374994
0.0413090374994
0.0413090374994
0.0413090374994
0.0413090374994
0.0413090374994
0.0413090374994
0.0413090374994
0.0413090374994
0.0413090374994
0.0413090374994
0.0413090374994
0.0413090374994
0.0413090374994
0.0413090374994
0.0413090374994
0.0413090374994
0.0413090374994
0.0413090374994
0.0413090374994
0.0413090374994
0.0367191444439
0.0367191444439
0.0367191444439
0.0367191444439
0.0367191444439
0.0367191444439
0.0367191444439
0.0367191444439
0.0367191444439
0.0367191444439
0.0367191444439
0.0367191444439
0.0367191444439
0.0367191444439
0.0367191444439
0.0367191444439
0.0367191444439
0.0367191444439
0.0367191444439
0.0367191444439
0.0367191444439
0.0367191444439
0.0367191444439
0.0367191444439
0.0367191444439
0.0367191444439
0.0367191444439
0.0367191444439
0.0367191444439
0.0367191444439
0.0367191444439
0.0367191444439
0.0367191444439
0.0367191444439
0.0367191444439
0.0367191444439
0.0367191444439
0.0367191444439
0.0367191444439
0.0321292513884
0.0321292513884
0.0321292513884
0.0321292513884
0.0321292513884
0.0321292513884
0.0321292513884
0.0321292513884
0.0321292513884
0.0321292513884
0.0321292513884
0.0321292513884
0.0321292513884
0.0321292513884
0.0321292513884
0.0321292513884
0.0321292513884
0.0321292513884
0.0321292513884
0.0321292513884
0.0321292513884
0.0321292513884
0.0321292513884
0.0321292513884
0.0321292513884
0.0321292513884
0.0321292513884
0.0321292513884
0.0321292513884
0.0321292513884
0.0321292513884
0.0321292513884
0.0321292513884
0.0321292513884
0.0321292513884
0.0321292513884
0.0321292513884
0.0321292513884
0.0321292513884
0.0321292513884
0.0321292513884
0.0321292513884
0.0321292513884
0.0321292513884
0.0321292513884
0.0321292513884
0.0321292513884
0.0321292513884
0.0321292513884
0.0321292513884
0.0321292513884
0.0321292513884
0.027539358333
0.027539358333
0.027539358333
0.027539358333
0.027539358333
0.027539358333
0.027539358333
0.027539358333
0.027539358333
0.027539358333
0.027539358333
0.027539358333
0.027539358333
0.027539358333
0.027539358333
0.027539358333
0.027539358333
0.027539358333
0.027539358333
0.027539358333
0.027539358333
0.027539358333
0.027539358333
0.027539358333
0.027539358333
0.027539358333
0.027539358333
0.027539358333
0.027539358333
0.027539358333
0.027539358333
0.027539358333
0.027539358333
0.027539358333
0.027539358333
0.027539358333
0.027539358333
0.027539358333
0.027539358333
0.027539358333
0.027539358333
0.027539358333
0.027539358333
0.027539358333
0.027539358333
0.027539358333
0.027539358333
0.027539358333
0.027539358333
0.027539358333
0.027539358333
0.027539358333
0.027539358333
0.027539358333
0.027539358333
0.027539358333
0.027539358333
0.027539358333
0.027539358333
0.027539358333
0.027539358333
0.027539358333
0.027539358333
0.027539358333
0.027539358333
0.027539358333
0.027539358333
0.027539358333
0.027539358333
0.027539358333
0.027539358333
0.027539358333
0.027539358333
0.027539358333
0.027539358333
0.027539358333
0.027539358333
0.0229494652775
0.0229494652775
0.0229494652775
0.0229494652775
0.0229494652775
